header

1280 
padding 28 48 
height 52 

1024
padding 28 48
height 52

768 - 770
padding 28 24
height 52

320
padding 16 16
h42

header__logo
1280
176x52 - 320 142x42

lead
1280 
padding 56 148 
1024 48 48
768 48 0

intro
1280 padding 92 148
1024 92 48
768 88 24
320 64 16

photo-grid 
1280 92 48 
1024 92 48 
768 88 24 
320 64 16

places 
1280 92 148
1024 92 48 
768 88 24
320 64 0

cover
1280 92 48 ; 740
1024 92 0; 640
768 90 0; 480
320 66 0; 200

footer 
1280 92 48
1024 92 48
768 88 24
320 64 16-118


place-heading 





